-1.8058808378343762e-05
-1.77131552398018e-05
-1.7715202449886396e-05
-1.7715187517871672e-05
-1.771518764019762e-05
-1.7715187639113112e-05
-1.7715187639116917e-05
-1.7715187639134606e-05
-1.771518763913455e-05
-1.771518763914994e-05
-1.7715187639131493e-05
-1.7715187639130645e-05
-1.771518763914545e-05
-1.7715187639134254e-05
-1.77151876391133e-05
-1.7715187639119285e-05
-1.7715187639130357e-05
-1.7715187639149046e-05
-1.7715187639131953e-05
-1.771518763913301e-05
-1.7715187639148037e-05
-1.771518763912001e-05
-1.771518763914451e-05
-1.7715187639117354e-05
-1.7715187639123585e-05
-1.771518763912976e-05
-1.771518763911365e-05
-1.7715187639124157e-05
-1.77151876391181e-05
-1.771518763913307e-05
